0 -0.000687531 0 0 0 0 0.200976
0.01 0.00260105 0 0.00295646 0 0.00200976 0.309676
0.02 0.00897166 2.95646e-05 -0.00112049 2.0098e-05 0.00508646 -0.411205
0.03 0.001108 1.83597e-05 -0.00488902 7.09628e-05 0.000923366 -0.378521
0.04 0.00656511 -3.05305e-05 -0.00619286 8.02001e-05 -0.00287163 -0.151693
0.05 -0.00210686 -9.24591e-05 -0.00686207 5.14812e-05 -0.00436074 -0.078038
0.06 -0.00746063 -0.00016108 -0.00484482 7.85793e-06 -0.00509845 0.199805
0.07 -0.00313744 -0.000209528 -0.00904271 -4.31374e-05 -0.00304973 -0.433616
0.08 -0.0113954 -0.000299955 -0.0081538 -7.36952e-05 -0.00735614 0.0874823
0.09 -0.0124682 -0.000381493 -0.00679851 -0.000147352 -0.00640865 0.142966
0.1 0.00412145 -0.000449478 -0.00178259 -0.000211392 -0.00491272 0.490603
0.11 0.00325539 -0.000467304 -0.00369404 -0.000260469 4.52516e-05 -0.204282
0.12 0.00928636 -0.000504244 -0.00570092 -0.000259837 -0.00199316 -0.228663
0.13 0.00545731 -0.000561254 -0.00991105 -0.000279632 -0.00425568 -0.430344
0.14 0.0106754 -0.000660364 -0.00512719 -0.000321861 -0.00851027 0.449639
0.15 -0.00709215 -0.000711636 -0.00620734 -0.000407209 -0.00392799 -0.117825
0.16 0.000285849 -0.00077371 -0.00800072 -0.000446456 -0.00506258 -0.17729
0.17 -0.0102397 -0.000853717 -0.00310303 -0.000497601 -0.00678487 0.488366
0.18 -0.00331164 -0.000884747 0.000419966 -0.000565622 -0.0018298 0.342522
0.19 -0.00179813 -0.000880547 -0.0020042 -0.00058401 0.00161869 -0.224686
0.2 -0.00754486 -0.000900589 -0.000985718 -0.000568422 -0.000642861 0.0966266
0.21 -0.00839211 -0.000910446 -0.000502945 -0.000575624 0.0003302 0.0564203
0.22 -0.00401232 -0.000915476 0.00292521 -0.000572711 0.000894311 0.347908
0.23 0.000434166 -0.000886224 -0.000265855 -0.00056364 0.00437098 -0.315376
0.24 0.0049296 -0.000888882 -0.00137657 -0.000519138 0.00118385 -0.10253
0.25 0.00536683 -0.000902648 0.00254579 -0.000506339 0.000157358 0.389763
0.26 0.00242707 -0.00087719 0.00579241 -0.000504229 0.0040614 0.350481
0.27 -0.00476617 -0.000819266 0.0040108 -0.000464491 0.00752606 -0.18227
0.28 -0.00604758 -0.000779158 0.000100146 -0.000390506 0.00562634 -0.397032
0.29 -9.81195e-06 -0.000778157 -0.00437433 -0.000334162 0.00160405 -0.4551
0.3 -0.00801078 -0.0008219 -0.00314641 -0.000320227 -0.00296942 0.144991
0.31 -0.00911101 -0.000853364 -4.7564e-05 -0.000352549 -0.00149839 0.303944
0.32 -0.00896743 -0.00085384 0.0035839 -0.00037035 0.00154739 0.354577
0.33 0.00374436 -0.000818001 0.00593854 -0.000353413 0.00508749 0.233787
0.34 -0.000221911 -0.000758615 0.0102101 -0.000302507 0.00737814 0.425424
0.35 0.00303375 -0.000656515 0.00712896 -0.000227358 0.011567 -0.297116
0.36 0.0121856 -0.000585225 0.00358286 -0.000106118 0.00850349 -0.344251
0.37 0.00158186 -0.000549396 0.00470336 -2.03013e-05 0.00497988 0.125229
0.38 -0.00983915 -0.000502363 0.00242757 2.43213e-05 0.00616415 -0.230732
0.39 -0.00193324 -0.000478087 0.00489186 8.48269e-05 0.00379102 0.243231
0.4 -0.00148865 -0.000429169 0.00277206 0.000121767 0.00618132 -0.231805
0.41 -0.00829988 -0.000401448 0.000188088 0.000178124 0.00378245 -0.240129
0.42 0.00402921 -0.000399567 -0.00434116 0.000218563 0.00134985 -0.461051
0.43 -0.00250007 -0.000442979 -0.00382747 0.000230068 -0.0032825 0.0395322
0.44 0.00285363 -0.000481254 -0.00552207 0.000199302 -0.00285046 -0.170473
0.45 0.00323576 -0.000536474 -0.000691519 0.000173318 -0.00452131 0.488589
0.46 0.0111936 -0.000543389 0.00336997 0.000137741 0.000435535 0.421707
0.47 -0.00200506 -0.00050969 0.00476069 0.000140119 0.00464138 0.152237
0.48 -0.00147159 -0.000462083 0.00949347 0.000184921 0.00611157 0.476954
0.49 -0.00406823 -0.000367148 0.0120424 0.000241615 0.0108064 0.264229
0.5 0.00245929 -0.000246724 0.016051 0.000351956 0.0133441 0.427552
0.51 -0.00506722 -8.62146e-05 0.0164767 0.000479096 0.0174668 0.0735808
0.52 -0.000560294 7.85522e-05 0.0144052 0.000652317 0.0180196 -0.17935
0.53 0.00136933 0.000222604 0.0171392 0.000833184 0.016041 0.275459
0.54 -0.000957412 0.000393997 0.0194592 0.000991038 0.0186208 0.258205
0.55 0.00209194 0.000588589 0.0215617 0.0011785 0.0210096 0.21812
0.56 -0.00567906 0.000804206 0.0231346 0.00137847 0.0229461 0.165222
0.57 0.0084034 0.00103555 0.0240045 0.0016181 0.0243775 0.108685
0.58 0.00165671 0.0012756 0.019034 0.00186155 0.0252037 -0.464151
0.59 -0.0016484 0.00146594 0.0216544 0.00210747 0.0202786 0.268191
0.6 0.00655721 0.00168248 0.0229066 0.00231745 0.0227516 0.153586
0.61 0.000244346 0.00191155 0.0244492 0.00254091 0.0240285 0.180841
0.62 0.00675038 0.00215604 0.0248947 0.00278847 0.0255857 0.072135
0.63 -0.000173679 0.00240499 0.0247143 0.0030382 0.0260114 0.00816244
0.64 0.00754572 0.00265213 0.0235722 0.0033067 0.0258185 -0.0853728
0.65 0.00288306 0.00288785 0.0233604 0.00356349 0.0246709 -0.00244135
0.66 0.00261244 0.00312146 0.0252084 0.00380766 0.0243595 0.211046
0.67 0.00341781 0.00337354 0.0257118 0.00404987 0.0261858 0.0703758
0.68 0.00745944 0.00363066 0.0216079 0.00431887 0.0265998 -0.377212
0.69 0.00673544 0.00384674 0.0261842 0.00458991 0.0225272 0.480314
0.7 -0.00635043 0.00410858 0.0242132 0.00478814 0.0270132 -0.186393
0.71 0.00532707 0.00435071 0.0225722 0.00505894 0.0248324 -0.109017
0.72 -0.00126798 0.00457643 0.0195523 0.00529032 0.0234155 -0.259815
0.73 0.00992656 0.00477195 0.0178548 0.00553617 0.0205491 -0.147444
0.74 -0.00791567 0.0049505 0.0218923 0.00570429 0.0187547 0.430515
0.75 0.00862271 0.00516943 0.0224267 0.00589953 0.0228272 0.0697123
0.76 0.000528205 0.00539369 0.0204901 0.00611158 0.0232123 -0.158855
0.77 0.00388917 0.00559859 0.0236169 0.00633639 0.0213195 0.352223
0.78 0.00988177 0.00583476 0.0206856 0.00655978 0.0245802 -0.27805
0.79 -0.00720962 0.00604162 0.018524 0.00676157 0.0214244 -0.181901
0.8 0.00636984 0.00622686 0.0191121 0.00697386 0.0193208 0.116452
0.81 0.00786137 0.00641798 0.0154064 0.00716936 0.0202256 -0.350499
0.82 0.0162134 0.00657204 0.0191555 0.00740157 0.016488 0.39168
0.83 0.00427759 0.0067636 0.0234726 0.00755504 0.0201504 0.437102
0.84 0.000987274 0.00699832 0.0272713 0.00773248 0.0242122 0.424961
0.85 0.00139146 0.00727104 0.0284821 0.00795067 0.0281109 0.149884
0.86 0.0115579 0.00755586 0.0295324 0.00824415 0.0292651 0.155222
0.87 -0.00129301 0.00785118 0.03011 0.00849942 0.0303946 0.0901831
0.88 0.00846751 0.00815228 0.0273311 0.00880206 0.0309059 -0.241431
0.89 0.010328 0.00842559 0.0288352 0.00911595 0.0281005 0.191071
0.9 0.00787751 0.00871394 0.0270524 0.00939079 0.0296315 -0.141626
0.91 0.016003 0.00898447 0.0308327 0.00971322 0.0278563 0.412155
0.92 0.0028909 0.00929279 0.0291523 0.00996184 0.0315668 -0.128088
0.93 0.0146334 0.00958432 0.033018 0.0102962 0.0298924 0.430509
0.94 0.0151916 0.0099145 0.0318351 0.0106153 0.0338187 -0.0796826
0.95 0.00741576 0.0102328 0.0342924 0.0109377 0.0325597 0.286539
0.96 0.0117346 0.0105758 0.0329221 0.0112654 0.0349925 -0.0719328
0.97 0.0214774 0.010905 0.0288834 0.011661 0.0338605 -0.368637
0.98 0.0123645 0.0111938 0.0271321 0.0120013 0.0297208 -0.143085
0.99 0.00765943 0.0114651 0.0272745 0.0122763 0.0278491 0.050855
1 0.0133522 0.0117379 0.022995 0.0125587 0.0279605 -0.388323
1.01 0.0193375 0.0119678 0.0243454 0.0128704 0.0237053 0.170521
1.02 0.0139721 0.0122113 0.028329 0.0131118 0.0250492 0.441838
1.03 0.00977847 0.0124946 0.026581 0.013344 0.0290676 -0.148137
1.04 0.00799931 0.0127604 0.021454 0.0136055 0.0271331 -0.476923
1.05 0.0179098 0.0129749 0.0247797 0.013898 0.0219772 0.372354
1.06 0.00982927 0.0132227 0.0286178 0.014095 0.02532 0.421575
1.07 0.0190142 0.0135089 0.0267235 0.0143734 0.0291656 -0.135778
1.08 0.0151677 0.0137761 0.028522 0.0146678 0.027375 0.224577
1.09 0.00959575 0.0140614 0.0245293 0.0149119 0.0291728 -0.356475
1.1 0.0188952 0.0143067 0.0261799 0.0152243 0.0251862 0.182321
1.11 0.00931995 0.0145685 0.0241567 0.0154412 0.0265737 -0.158971
1.12 0.0179352 0.01481 0.0215688 0.0157197 0.0245753 -0.206974
1.13 0.011837 0.0150257 0.0221954 0.0159414 0.0220814 0.0740009
1.14 0.0149454 0.0152477 0.0195891 0.016155 0.0224349 -0.221869
1.15 0.0154055 0.0154436 0.0163285 0.0163736 0.0198254 -0.282014
1.16 0.0137526 0.0156068 0.0131401 0.0165548 0.0166288 -0.276115
1.17 0.0214908 0.0157382 0.0170489 0.0167502 0.0135602 0.433352
1.18 0.0151607 0.0159087 0.0197018 0.0168752 0.0175818 0.308169
1.19 0.0227703 0.0161058 0.0191548 0.0170866 0.020348 -0.0175456
1.2 0.0142613 0.0162973 0.0199184 0.017271 0.0197828 0.124423
1.21 0.00922282 0.0164965 0.0160479 0.0174164 0.0206148 -0.333457
1.22 0.0212308 0.016657 0.0146885 0.0176457 0.0169181 -0.105391
1.23 0.0202636 0.0168038 0.0193926 0.0178308 0.0155309 0.496335
1.24 0.0159328 0.0169978 0.0150946 0.0179727 0.0201503 -0.402948
1.25 0.0175651 0.0171487 0.0179518 0.0181702 0.0157366 0.314927
1.26 0.0177086 0.0173282 0.020407 0.0183234 0.0185437 0.282874
1.27 0.0211933 0.0175323 0.0203474 0.0185269 0.0210171 0.0251187
1.28 0.0155074 0.0177358 0.024425 0.0187152 0.0208568 0.44629
1.29 0.0149406 0.01798 0.0203686 0.0188966 0.0249043 -0.360212
1.3 0.0286944 0.0181837 0.0156619 0.0192112 0.0209113 -0.424026
1.31 0.0147296 0.0183403 0.0108025 0.0193879 0.0162467 -0.442032
1.32 0.0162953 0.0184484 0.0135619 0.0195276 0.0114541 0.31031
1.33 0.0178786 0.018584 0.00843428 0.0196298 0.0142388 -0.482188
1.34 0.0214807 0.0186683 0.00696218 0.0197843 0.00908651 -0.0901699
1.35 0.0135018 0.0187379 0.00989686 0.0198297 0.00786522 0.333387
1.36 0.0191992 0.0188369 0.0134909 0.0199033 0.0109187 0.390166
1.37 0.0256609 0.0189718 0.0114687 0.0200532 0.0145393 -0.168595
1.38 0.0165233 0.0190865 0.00809701 0.020172 0.0124898 -0.302391
1.39 0.0202955 0.0191675 0.00898202 0.0202968 0.0091393 0.114742
1.4 0.0275021 0.0192573 0.0083723 0.0204405 0.0100262 -0.0250705
1.41 0.0183727 0.019341 0.0119308 0.0205247 0.00946053 0.379931
1.42 0.0058188 0.0194603 0.01603 0.0205094 0.0128903 0.455771
1.43 0.0190661 0.0196206 0.0183397 0.0206266 0.0171066 0.267955
1.44 0.0193294 0.019804 0.0177073 0.0207866 0.019402 -0.0460686
1.45 0.0255801 0.0199811 0.0145927 0.0210153 0.0185608 -0.266098
1.46 0.0210048 0.020127 0.0191236 0.0211995 0.0155031 0.485941
1.47 0.0298623 0.0203183 0.0205928 0.0214193 0.0200347 0.177817
1.48 0.0143987 0.0205242 0.0168373 0.0215644 0.0213652 -0.332746
1.49 0.0218563 0.0206926 0.0194542 0.0217787 0.0176088 0.294111
1.5 0.0160101 0.0208871 0.0157286 0.0219089 0.0201291 -0.339729
1.51 0.0275571 0.0210444 0.0183691 0.0221524 0.016336 0.291678
1.52 0.0259685 0.0212281 0.0224738 0.0223441 0.0188844 0.460654
1.53 0.0153232 0.0214528 0.0226128 0.0224767 0.0230463 0.0548804
1.54 0.0221184 0.0216789 0.0249984 0.0227025 0.0231373 0.288013
1.55 0.0128078 0.0219289 0.0202582 0.0228543 0.025514 -0.442295
1.56 0.0239014 0.0221315 0.0186234 0.0231157 0.0206109 -0.130193
1.57 0.0212228 0.0223177 0.0189959 0.0233052 0.0188624 0.0708866
1.58 0.0218721 0.0225077 0.0193202 0.0234809 0.0191425 0.0828239
1.59 0.0179997 0.0227009 0.0171336 0.0236271 0.0195198 -0.183903
1.6 0.0264089 0.0228722 0.0188507 0.023843 0.0172605 0.210675
1.61 0.0260579 0.0230607 0.0199287 0.024032 0.0189651 0.158798
1.62 0.022842 0.02326 0.0183081 0.0242105 0.0201171 -0.125935
1.63 0.0277518 0.0234431 0.0182041 0.0244386 0.0184288 0.0209846
1.64 0.0246743 0.0236252 0.019769 0.0246233 0.0182102 0.17661
1.65 0.0245223 0.0238228 0.0221844 0.0248031 0.0195468 0.283895
1.66 0.0214431 0.0240447 0.0203369 0.0249697 0.0219272 -0.145628
1.67 0.0222432 0.0242481 0.0205663 0.025165 0.0199895 0.0667754
1.68 0.0204548 0.0244537 0.016332 0.0253248 0.0201852 -0.3847
1.69 0.0214462 0.024617 0.016383 0.0254933 0.0158661 0.0519813
1.7 0.0218024 0.0247809 0.0127924 0.0256204 0.0159563 -0.318482
1.71 0.0257426 0.0249088 0.0133139 0.0257797 0.0123555 0.0902293
1.72 0.0291599 0.0250419 0.0122471 0.02593 0.0128899 -0.0680882
1.73 0.0283212 0.0251644 0.00830398 0.0260776 0.0118301 -0.362711
1.74 0.0357557 0.0252474 0.00647087 0.0262748 0.00786297 -0.141816
1.75 0.0147574 0.0253122 0.0100226 0.0262575 0.00605624 0.385843
1.76 0.0228722 0.0254124 0.00809292 0.0262895 0.00957756 -0.128809
1.77 0.0231538 0.0254933 0.00597017 0.0263585 0.00791774 -0.155874
1.78 0.0282527 0.025553 0.0062019 0.0264528 0.00602354 0.0636598
1.79 0.0303118 0.025615 0.00613826 0.0265446 0.0063506 0.0384449
1.8 0.0231741 0.0256764 0.00235358 0.0265795 0.00639238 -0.361763
1.81 0.0213787 0.0257 0.00426116 0.0265995 0.00242408 0.223931
1.82 0.0208181 0.0257426 0.00248553 0.0265752 0.00435013 -0.169877
1.83 0.0267502 0.0257674 -0.0018555 0.0266198 0.00234262 -0.40111
1.84 0.0251427 0.0257489 -0.00429872 0.0266307 -0.00196401 -0.221189
1.85 0.0274983 0.0257059 -0.00837334 0.0266185 -0.00441908 -0.381864
1.86 0.0230326 0.0256221 -0.0119379 0.0265445 -0.00847357 -0.343405
1.87 0.0261828 0.0255028 -0.0106682 0.0264575 -0.0120894 0.148618
1.88 0.0195192 0.0253961 -0.00889927 0.0262792 -0.0107734 0.189022
1.89 0.0295314 0.0253071 -0.00660973 0.0261998 -0.00902522 0.239419
1.9 0.0133615 0.025241 -0.00234331 0.0260021 -0.00685202 0.464716
1.91 0.0254839 0.0252176 -0.00345886 0.0259298 -0.0023981 -0.100303
1.92 0.0261964 0.025183 -0.00457126 0.0259083 -0.00363533 -0.101783
1.93 0.0230944 0.0251373 -0.00642369 0.0258485 -0.00488652 -0.16122
1.94 0.016885 0.025073 -0.00243759 0.0257243 -0.00674238 0.420682
1.95 0.0243661 0.0250486 -0.00708232 0.0256459 -0.0027303 -0.425173
1.96 0.0281677 0.0249778 -0.010966 0.0256402 -0.00720151 -0.377325
1.97 0.0236336 0.0248682 -0.0132087 0.0255518 -0.0111665 -0.224946
1.98 0.0201106 0.0247361 -0.0119389 0.025395 -0.0135799 0.141602
1.99 0.0225566 0.0246167 -0.0147276 0.0252362 -0.0122922 -0.262025
2 0.0199277 0.0244694 -0.0114969 0.0250693 -0.0150614 0.327035
2.01 0.0193487 0.0243544 -0.00851516 0.0248715 -0.0119121 0.323119
2.02 0.021201 0.0242693 -0.00538913 0.0247222 -0.00882377 0.328204
2.03 0.0282656 0.0242154 -0.00793188 0.0246648 -0.00568714 -0.241053
2.04 0.0214305 0.0241361 -0.00360532 0.0245809 -0.0082993 0.460408
2.05 0.0179413 0.0241 -0.00691444 0.0244422 -0.00388244 -0.313611
2.06 0.0220768 0.0240309 -0.0107207 0.0243836 -0.00723279 -0.35521
2.07 0.0225927 0.0239237 -0.0123943 0.0242966 -0.0109628 -0.168401
2.08 0.0215657 0.0237997 -0.0123332 0.0241647 -0.0127898 0.0305147
2.09 0.0178795 0.0236764 -0.0104457 0.0239844 -0.0126212 0.20845
2.1 0.0295885 0.0235719 -0.00684731 0.023907 -0.0106292 0.370043
2.11 0.0310137 0.0235035 -0.0052637 0.0238621 -0.00703495 0.168751
2.12 0.0227596 0.0234508 -0.00620011 0.023783 -0.00551951 -0.0676196
2.13 0.0160224 0.0233888 -0.00941729 0.0236621 -0.00640662 -0.299834
2.14 0.0221547 0.0232947 -0.00680896 0.0235858 -0.00958281 0.267642
2.15 0.0262067 0.0232266 -0.00493584 0.0235131 -0.00703648 0.211192
2.16 0.031125 0.0231772 -0.00688441 0.0235082 -0.00506124 -0.181698
2.17 0.0224726 0.0231084 -0.00259135 0.0234492 -0.00706629 0.424237
2.18 0.025696 0.0230825 -0.00435029 0.0233983 -0.0029793 -0.14019
2.19 0.0282112 0.0230389 -0.00940261 0.0234098 -0.00456774 -0.492676
2.2 0.0315035 0.0229449 -0.00777617 0.0234335 -0.0096533 0.163656
2.21 0.0191351 0.0228672 -0.0096927 0.0233012 -0.00816982 -0.175475
2.22 0.0238222 0.0227702 -0.0107217 0.0232246 -0.0100737 -0.092979
2.23 0.0237345 0.022663 -0.0152545 0.0231291 -0.0111328 -0.438127
2.24 0.0250222 0.0225105 -0.0135627 0.0230349 -0.0156267 0.163306
2.25 0.0237102 0.0223748 -0.0152921 0.0228857 -0.0140647 -0.172297
2.26 0.0187317 0.0222219 -0.0189369 0.0227108 -0.0158905 -0.3633
2.27 0.0174876 0.0220326 -0.0160521 0.0225087 -0.01961 0.285981
2.28 0.0140102 0.021872 -0.0150272 0.0222417 -0.0168092 0.102756
2.29 0.0190121 0.0217218 -0.0123801 0.0220475 -0.015847 0.278301
2.3 0.015029 0.021598 -0.0172563 0.0218305 -0.0131508 -0.476044
2.31 0.029744 0.0214254 -0.0180227 0.0217676 -0.017969 -0.0702089
2.32 0.0298693 0.0212452 -0.0170119 0.0216586 -0.0186792 0.101421
2.33 0.0253704 0.0210751 -0.0133758 0.0215051 -0.0176807 0.352161
2.34 0.0238598 0.0209413 -0.0116669 0.0213499 -0.0141882 0.188738
2.35 0.0245074 0.0208246 -0.0109835 0.0212362 -0.0123606 0.061829
2.36 0.0263674 0.0207148 -0.0157708 0.0211574 -0.0118121 -0.46145
2.37 0.0153465 0.0205571 -0.0124784 0.0209907 -0.0165406 0.333528
2.38 0.0200019 0.0204323 -0.0085585 0.0208183 -0.0132527 0.393428
2.39 0.0228783 0.0203467 -0.00796016 0.0207045 -0.00938624 0.0690644
2.4 0.0140002 0.0202671 -0.00761908 0.0205542 -0.00883257 0.0419772
2.41 0.0271112 0.0201909 -0.00499577 0.0205226 -0.0085061 0.263471
2.42 0.0208451 0.020141 -0.00774389 0.020441 -0.00599009 -0.262184
2.43 0.0222829 0.0200635 -0.00326907 0.0203974 -0.00874959 0.474358
2.44 0.0163321 0.0200308 0.00103317 0.0202759 -0.00413681 0.463637
2.45 0.0198075 0.0200412 -0.00414408 0.0202309 0.00033664 -0.494543
2.46 0.027624 0.0199997 -0.00247438 0.0202973 -0.00478788 0.185549
2.47 0.0221633 0.019975 -0.00480449 0.0202658 -0.00308059 -0.218061
2.48 0.0293038 0.0199269 -0.000677494 0.0203124 -0.00540043 0.429694
2.49 0.0193856 0.0199202 -0.00557034 0.0202509 -0.00125575 -0.454641
2.5 0.0162091 0.0198645 -0.00784349 0.020204 -0.00600661 -0.210737
2.51 0.00985805 0.019786 -0.00706346 0.0200561 -0.00829297 0.0933504
2.52 0.0249006 0.0197154 -0.0085098 0.0200153 -0.00745936 -0.130116
2.53 0.0121147 0.0196303 -0.0067808 0.0198739 -0.00891425 0.196284
2.54 0.0226392 0.0195625 -0.00544945 0.0198091 -0.00705073 0.155223
2.55 0.0130025 0.019508 -0.010279 0.0196811 -0.00565034 -0.46681
2.56 0.00793976 0.0194052 -0.0151075 0.0195248 -0.0105008 -0.476013
2.57 0.0291283 0.0192541 -0.0123553 0.0195027 -0.0153162 0.291923
2.58 0.021174 0.0191306 -0.00906722 0.0193651 -0.0124323 0.319171
2.59 0.0195669 0.0190399 -0.00776888 0.0192436 -0.00930873 0.126743
2.6 0.0170558 0.0189622 -0.00696085 0.0191326 -0.0081482 0.0702244
2.61 0.0150729 0.0188926 -0.00368401 0.0190172 -0.00757015 0.343128
2.62 0.0230899 0.0188558 -0.00807312 0.0189769 -0.00423837 -0.443466
2.63 0.0183902 0.018775 -0.0115578 0.0189298 -0.00882238 -0.328355
2.64 0.0156591 0.0186595 -0.00976195 0.0188144 -0.0122185 0.195288
2.65 0.020013 0.0185618 -0.00733865 0.0187035 -0.0103268 0.245272
2.66 0.0248542 0.0184884 -0.00535799 0.0186537 -0.00793526 0.233474
2.67 0.0232241 0.0184349 -0.00308646 0.018614 -0.00569089 0.233838
2.68 0.0179017 0.018404 -0.00250483 0.0185515 -0.00348411 0.0787991
2.69 0.0176352 0.018379 -0.00137417 0.0185091 -0.00284998 0.126902
2.7 0.0204627 0.0183652 -0.00351254 0.0184976 -0.00173038 -0.197098
2.71 0.0194553 0.0183301 -0.00726642 0.0184886 -0.0038655 -0.379224
2.72 0.0241192 0.0182574 -0.00863609 0.0184983 -0.00778344 -0.109627
2.73 0.0194282 0.0181711 -0.00839479 0.0184291 -0.0089832 0.0407181
2.74 0.0234368 0.0180871 -0.0125172 0.0183828 -0.00865201 -0.404866
2.75 0.0185091 0.0179619 -0.0139898 0.0182981 -0.0127972 -0.145989
2.76 0.0214383 0.017822 -0.0135896 0.0181981 -0.0143003 0.0461754
2.77 0.0123117 0.0176861 -0.0108952 0.018006 -0.0138983 0.280683
2.78 0.0114366 0.0175772 -0.00962834 0.0178121 -0.0111559 0.13595
2.79 0.0186859 0.0174809 -0.00992111 0.0177089 -0.00985939 -0.0241305
2.8 0.0133549 0.0173817 -0.0067886 0.017574 -0.0101947 0.326042
2.81 0.00878038 0.0173138 -0.00271471 0.0173978 -0.00703962 0.425213
2.82 0.0168886 0.0172867 -0.0071376 0.0173236 -0.00289267 -0.43078
2.83 0.0172822 0.0172153 -0.0101491 0.0172946 -0.00734483 -0.304073
2.84 0.0188091 0.0171138 -0.00896854 0.0172347 -0.0104793 0.121496
2.85 0.0169562 0.0170241 -0.00679244 0.0171284 -0.0093325 0.224443
2.86 0.0125228 0.0169562 -0.0094551 0.0169965 -0.00718246 -0.270883
2.87 0.0196554 0.0168616 -0.00808138 0.0169481 -0.00997948 0.145483
2.88 0.0121497 0.0167808 -0.00804168 0.0168081 -0.00861147 0.0163662
2.89 0.0161126 0.0167004 -0.0124641 0.0167168 -0.008532 -0.451712
2.9 0.0150309 0.0165758 -0.0147476 0.0166178 -0.0131368 -0.227774
2.91 0.0248076 0.0164283 -0.018987 0.0165576 -0.015419 -0.413409
2.92 0.0145362 0.0162384 -0.015164 0.0163874 -0.0195713 0.391416
2.93 0.0187365 0.0160868 -0.0169139 0.0162135 -0.015616 -0.17124
2.94 0.0161097 0.0159176 -0.0194948 0.0160578 -0.0173342 -0.241764
2.95 0.0250482 0.0157227 -0.0185282 0.0159628 -0.0197055 0.0867044
2.96 0.0246291 0.0155374 -0.0226961 0.0158416 -0.0187686 -0.425969
2.97 0.0117943 0.0153105 -0.0176463 0.0156209 -0.0230132 0.49171
2.98 0.0163662 0.015134 -0.0193116 0.0153991 -0.0180186 -0.179458
2.99 0.0196931 0.0149409 -0.0179743 0.0152572 -0.0197706 0.15283
3 0.0122157 0.0147611 -0.0169071 0.0150351 -0.0182076 0.118612
3.01 0.0236398 0.0145921 -0.0156966 0.0149283 -0.0169575 0.123445
3.02 0.0172218 0.0144351 -0.0129988 0.0147798 -0.0156938 0.273607
3.03 0.0111741 0.0143051 -0.017984 0.0145933 -0.0129612 -0.491014
3.04 0.0269963 0.0141253 -0.0215883 0.014571 -0.0178417 -0.335837
3.05 0.0168369 0.0139094 -0.0178814 0.0144136 -0.0211584 0.368741
3.06 0.0209681 0.0137306 -0.0192155 0.0142599 -0.0173787 -0.137004
3.07 0.0181076 0.0135384 -0.0170844 0.0141206 -0.0187028 0.210338
3.08 0.0127524 0.0133676 -0.0155634 0.0139234 -0.0165579 0.149424
3.09 0.0294737 0.0132119 -0.0105169 0.0138925 -0.0149796 0.498946
3.1 0.0180892 0.0131068 -0.0136686 0.01378 -0.00996325 -0.313792
3.11 0.016244 0.0129701 -0.0140568 0.0137023 -0.0131299 -0.0245337
3.12 0.0127936 0.0128295 -0.0098045 0.0135644 -0.0133838 0.424158
3.13 0.0174867 0.0127315 -0.012363 0.0134653 -0.00912913 -0.244572
3.14 0.0110363 0.0126078 -0.0104972 0.013354 -0.0116268 0.171393
3.15 0.0150522 0.0125029 -0.0100675 0.0132532 -0.00992348 0.0456547
3.16 0.0121057 0.0124022 -0.00536419 0.013145 -0.00950409 0.479871
3.17 0.0170098 0.0123485 -0.00140459 0.0130839 -0.0047272 0.40051
3.18 0.0112589 0.0123345 -0.0045485 0.0130214 -0.00081222 -0.308862
3.19 0.00895878 0.012289 -0.00453432 0.0129785 -0.00403788 -0.00376296
3.2 0.0135228 0.0122437 -0.000103153 0.0129431 -0.00416276 0.448799
3.21 0.0166681 0.0122426 -0.000462352 0.0129338 0.000251312 -0.0366365
3.22 -0.000921607 0.012238 0.000240868 0.0128174 -0.000298018 0.0828276
3.23 0.0127491 0.0122404 0.00355706 0.0128139 0.000404823 0.340215
3.24 0.0102832 0.012276 0.00629318 0.0127962 0.00366543 0.292123
3.25 0.0186256 0.0123389 0.0096813 0.0128826 0.00644342 0.341064
3.26 0.00884023 0.0124357 0.00868075 0.0129117 0.00964564 -0.073081
3.27 0.00297051 0.0125225 0.0119777 0.012922 0.00865219 0.366154
3.28 0.00989832 0.0126423 0.0148869 0.0129818 0.0120865 0.332774
3.29 0.0138616 0.0127912 0.0172468 0.0131092 0.0151664 0.247461
3.3 0.0120447 0.0129637 0.0172611 0.0132504 0.0173537 0.0189847
3.31 0.0225535 0.0131363 0.0165775 0.0135024 0.0172713 -0.0486136
3.32 0.0115062 0.013302 0.0151027 0.0136565 0.0164694 -0.129094
3.33 0.00885837 0.0134531 0.0127348 0.0137785 0.0148588 -0.207409
3.34 0.0201479 0.0135804 0.0119911 0.0139806 0.0125214 -0.039628
3.35 0.0135656 0.0137003 0.0121627 0.0141011 0.0118581 0.0350692
3.36 0.0134363 0.013822 0.00870194 0.014213 0.0119463 -0.338668
3.37 0.019033 0.013909 0.0117419 0.0143729 0.00831541 0.323368
3.38 0.00868437 0.0140264 0.00868817 0.0144064 0.0113009 -0.254593
3.39 0.0161988 0.0141133 0.0115011 0.0145338 0.00850407 0.310756
3.4 0.00857629 0.0142283 0.0144414 0.0145669 0.0113589 0.322314
3.41 0.0219529 0.0143727 0.0134921 0.014743 0.0143497 -0.0683848
3.42 0.0186805 0.0145076 0.0110693 0.0149192 0.013389 -0.213778
3.43 0.0116661 0.0146183 0.0134232 0.0150239 0.0109556 0.246472
3.44 0.0168605 0.0147525 0.0150773 0.0151483 0.0131669 0.187043
3.45 0.0226564 0.0149033 0.0193714 0.0153435 0.0147815 0.457616
3.46 0.0190914 0.015097 0.0169381 0.0155223 0.0190697 -0.207873
3.47 0.0134871 0.0152664 0.0181393 0.0156938 0.0166368 0.166914
3.48 0.00351119 0.0154478 0.0215064 0.0157539 0.0179369 0.358126
3.49 0.0198471 0.0156629 0.0209296 0.015967 0.0211958 -0.0167353
3.5 0.0200647 0.0158722 0.0171563 0.0162124 0.0206712 -0.336849
3.51 0.018451 0.0160437 0.0198694 0.0164366 0.0169414 0.306924
3.52 0.0185469 0.0162424 0.0239672 0.0166227 0.019684 0.446628
3.53 0.0141997 0.0164821 0.0259047 0.016797 0.0237775 0.245978
3.54 0.0168106 0.0167411 0.0269437 0.0170328 0.0258307 0.147139
3.55 0.0180774 0.0170106 0.0290192 0.0172979 0.0268764 0.238751
3.56 0.0133631 0.0173008 0.0294839 0.0175305 0.0288066 0.087042
3.57 0.0137809 0.0175956 0.0247517 0.0177837 0.0291987 -0.425942
3.58 0.0133904 0.0178431 0.0253771 0.0180354 0.0244521 0.104906
3.59 0.0175864 0.0180969 0.0242526 0.0182739 0.0250737 -0.0801841
3.6 0.0171252 0.0183394 0.0270029 0.0185126 0.0238332 0.321519
3.61 0.015493 0.0186095 0.0229532 0.0187228 0.0266128 -0.376109
3.62 0.0193501 0.018839 0.0263032 0.0189921 0.0223997 0.371202
3.63 0.0207049 0.019102 0.0228307 0.0192289 0.0257034 -0.307575
3.64 0.01459 0.0193303 0.0215408 0.0194437 0.0221601 -0.0835181
3.65 0.0147549 0.0195457 0.0194296 0.019623 0.0208907 -0.168426
3.66 0.0207282 0.01974 0.021138 0.0198396 0.0188046 0.227494
3.67 0.0143131 0.0199514 0.0211891 0.0199784 0.0206719 0.077814
3.68 0.025805 0.0201633 0.0172733 0.0202336 0.0210644 -0.345058
3.69 0.0176152 0.020336 0.0217089 0.0204198 0.0171904 0.472902
3.7 0.0166278 0.0205531 0.0200596 0.0205575 0.0215286 -0.11143
3.71 0.0201837 0.0207537 0.0243341 0.0207677 0.0199912 0.477256
3.72 0.024056 0.0209971 0.0227454 0.0209943 0.0243677 -0.0954829
3.73 0.0275181 0.0212245 0.0240609 0.0212922 0.0229825 0.174793
3.74 0.0221586 0.0214651 0.025935 0.0215275 0.0242901 0.223729
3.75 0.0201827 0.0217245 0.0211538 0.0217567 0.0260633 -0.40844
3.76 0.0186733 0.021936 0.021984 0.0219885 0.0214883 0.132408
3.77 0.0213294 0.0221559 0.0168546 0.0221958 0.0223744 -0.484144
3.78 0.0214253 0.0223244 0.0190342 0.022411 0.0170835 0.258474
3.79 0.0198431 0.0225147 0.0183866 0.0225582 0.0192632 -0.00946602
3.8 0.0243642 0.0226986 0.0178052 0.0227647 0.0187563 -0.000879586
3.81 0.0150725 0.0228767 0.0214137 0.0228843 0.018303 0.421624
3.82 0.0156114 0.0230908 0.0189419 0.0230029 0.0220798 -0.202542
3.83 0.0231462 0.0232802 0.0180222 0.023223 0.0196032 -0.0542513
3.84 0.0278483 0.0234604 0.0192424 0.0234573 0.0186489 0.167603
3.85 0.033985 0.0236529 0.0232869 0.0237331 0.0199422 0.444597
3.86 0.025903 0.0238857 0.0195131 0.0239495 0.0239587 -0.3155
3.87 0.0216463 0.0240809 0.0166101 0.0241672 0.0203152 -0.245355
3.88 0.026055 0.024247 0.0113365 0.0243849 0.0174231 -0.481345
3.89 0.0284147 0.0243603 0.0139241 0.0245924 0.0122058 0.289406
3.9 0.0229935 0.0244996 0.0151238 0.0246996 0.0147255 0.174461
3.91 0.0297402 0.0246508 0.0180991 0.0248891 0.016094 0.340174
3.92 0.0342917 0.0248318 0.0217967 0.0251299 0.0191202 0.413296
3.93 0.0254561 0.0250498 0.0215939 0.0253222 0.0228112 0.0456628
3.94 0.0209267 0.0252657 0.0164116 0.0255104 0.0227693 -0.467401
3.95 0.0342392 0.0254298 0.0142906 0.0258115 0.017644 -0.170222
3.96 0.026547 0.0255727 0.0176695 0.0259928 0.0155093 0.377237
3.97 0.0252188 0.0257494 0.0197985 0.0261399 0.0188632 0.260094
3.98 0.021778 0.0259474 0.023367 0.0262892 0.0209973 0.407592
3.99 0.0150752 0.0261811 0.0182731 0.0264005 0.024558 -0.46782
4 0.0244519 0.0263638 0.0201378 0.0266271 0.0193621 0.232996
4.01 0.0368169 0.0265652 0.0176848 0.0269071 0.0212692 -0.203837
4.02 0.0340232 0.026742 0.012352 0.0271794 0.0187746 -0.490564
4.03 0.0196784 0.0268656 0.00839227 0.0273007 0.0133809 -0.362487
4.04 0.0220624 0.0269495 0.0127684 0.0273881 0.00932935 0.470955
4.05 0.0344252 0.0270772 0.0146593 0.0275414 0.0136975 0.233165
4.06 0.0282377 0.0272238 0.0115915 0.0276832 0.0156188 -0.270927
4.07 0.0242894 0.0273397 0.0120917 0.0278087 0.0124633 0.103364
4.08 0.0230041 0.0274606 0.0140823 0.0278908 0.013076 0.24902
4.09 0.0226169 0.0276014 0.0184276 0.0279748 0.0151365 0.487546
4.1 0.0361301 0.0277857 0.0139784 0.0281954 0.0196105 -0.406102
4.11 0.0270902 0.0279255 0.0108863 0.0283802 0.0150666 -0.251859
4.12 0.0299637 0.0280343 0.0145214 0.0285433 0.0121189 0.40917
4.13 0.0250962 0.0281795 0.0129998 0.0286336 0.0157907 -0.108644
4.14 0.0299697 0.0283095 0.0143561 0.0288017 0.0142644 0.193889
4.15 0.0184167 0.0284531 0.0147635 0.0288533 0.0157336 0.0767731
4.16 0.0263742 0.0286007 0.0126307 0.0289879 0.0160457 -0.164047
4.17 0.0290363 0.028727 0.0159838 0.0291474 0.0139545 0.378389
4.18 0.0270955 0.0288869 0.0187453 0.0292679 0.0172993 0.331418
4.19 0.0373647 0.0290743 0.016847 0.0295095 0.0201771 -0.145393
4.2 0.0201678 0.0292428 0.0181499 0.0296287 0.018191 0.167795
4.21 0.0456679 0.0294243 0.0178742 0.0299477 0.0194495 0.00587827
4.22 0.0312538 0.029603 0.0142525 0.0301518 0.0190184 -0.305219
4.23 0.0334946 0.0297456 0.0145148 0.0303693 0.0154862 0.0810918
4.24 0.026008 0.0298907 0.00978736 0.0304851 0.0158218 -0.448459
4.25 0.0259353 0.0299886 0.00671369 0.0306026 0.0108567 -0.27262
4.26 0.0171119 0.0300557 0.0105502 0.0305936 0.00766559 0.41087
4.27 0.0304843 0.0301612 0.014244 0.0306686 0.011391 0.428778
4.28 0.0356063 0.0303037 0.0185727 0.0308242 0.0152761 0.487474
4.29 0.0274051 0.0304894 0.0212624 0.0309461 0.0196766 0.318463
4.3 0.023284 0.030702 0.0254113 0.0310749 0.0223259 0.460958
4.31 0.0280898 0.0309561 0.0271676 0.0312704 0.0263896 0.22047
4.32 0.0274699 0.0312278 0.0227191 0.0314992 0.0280026 -0.385375
4.33 0.0383791 0.031455 0.0268724 0.0318363 0.0235783 0.470394
4.34 0.0247287 0.0317237 0.0299288 0.0320085 0.0277009 0.357982
4.35 0.0291673 0.032023 0.0252995 0.0322586 0.0306721 -0.41442
4.36 0.03092 0.032276 0.026689 0.0325511 0.0258925 0.203558
4.37 0.030291 0.0325429 0.021819 0.0327882 0.0273343 -0.412945
4.38 0.0240179 0.0327611 0.023133 0.0329833 0.0225702 0.188944
4.39 0.038077 0.0329924 0.0221 0.0332511 0.0239221 -0.0474213
4.4 0.0305529 0.0332134 0.0172229 0.0334649 0.0228653 -0.425399
4.41 0.0350573 0.0333856 0.019493 0.0337054 0.018053 0.282842
4.42 0.0287741 0.0335806 0.0209752 0.0338417 0.020345 0.200719
4.43 0.0344327 0.0337903 0.0252517 0.0340485 0.0218117 0.483772
4.44 0.036146 0.0340428 0.021304 0.0342829 0.0260978 -0.325803
4.45 0.0316262 0.0342559 0.019656 0.0345186 0.0222252 -0.105391
4.46 0.0282324 0.0344524 0.0194655 0.0346846 0.0205797 0.0605447
4.47 0.0323939 0.0346471 0.0190346 0.0348688 0.0206233 0.01015
4.48 0.0458249 0.0348374 0.0162986 0.035168 0.0202097 -0.227002
4.49 0.0315454 0.0350004 0.0146976 0.035337 0.0173717 -0.108038
4.5 0.03475 0.0351474 0.0177341 0.0355041 0.0157614 0.364757
4.51 0.0373834 0.0353247 0.0214888 0.0356766 0.0189027 0.440794
4.52 0.0375961 0.0355396 0.0249903 0.0358806 0.0227713 0.397841
4.53 0.0370793 0.0357895 0.0200039 0.0361167 0.0261667 -0.440461
4.54 0.0471448 0.0359896 0.0196874 0.0364716 0.0211791 0.0218855
4.55 0.0414575 0.0361865 0.0237861 0.0367246 0.0208391 0.449382
4.56 0.0270507 0.0364243 0.0210675 0.0368475 0.0247208 -0.213081
4.57 0.0480655 0.036635 0.0198879 0.0371897 0.0220148 -0.0672444
4.58 0.0403756 0.0368339 0.0230228 0.0374355 0.0207613 0.37816
4.59 0.0398208 0.0370641 0.0203119 0.0376619 0.023969 -0.225607
4.6 0.0533097 0.0372672 0.0172398 0.0380349 0.0211536 -0.248782
4.61 0.0263166 0.0374396 0.0200699 0.0381432 0.0180298 0.339118
4.62 0.0259783 0.0376403 0.0246632 0.0382167 0.0208136 0.494863
4.63 0.0263175 0.0378869 0.022617 0.0383201 0.0251271 -0.134157
4.64 0.0466972 0.0381131 0.0251325 0.0386417 0.0231811 0.309511
4.65 0.0277071 0.0383644 0.0278989 0.0387769 0.0256167 0.352845
4.66 0.0401105 0.0386434 0.0266217 0.0390424 0.0285052 -0.0485761
4.67 0.0395663 0.0389096 0.0261424 0.0393295 0.0273449 0.0130696
4.68 0.0375909 0.0391711 0.0298926 0.0395855 0.0268014 0.4399
4.69 0.042478 0.03947 0.0256351 0.0398763 0.0305462 -0.359632
4.7 0.0340324 0.0397263 0.02955 0.0401285 0.026223 0.465648
4.71 0.0425292 0.0400218 0.0239116 0.0404092 0.0302238 -0.485498
4.72 0.0369962 0.040261 0.0273994 0.0406793 0.0246488 0.423209
4.73 0.0309964 0.040535 0.0283028 0.0408399 0.0281909 0.166368
4.74 0.0369166 0.040818 0.0324048 0.0410854 0.0291487 0.498273
4.75 0.043076 0.041142 0.0276118 0.0413916 0.0334354 -0.402593
4.76 0.0432575 0.0414182 0.0226281 0.0417392 0.0286668 -0.439023
4.77 0.0458477 0.0416444 0.0224639 0.042059 0.0235867 0.0588178
4.78 0.0378037 0.0418691 0.0228633 0.042256 0.0235018 0.107557
4.79 0.0323179 0.0420977 0.0206131 0.042403 0.0238822 -0.166025
4.8 0.0377256 0.0423038 0.0244093 0.0425993 0.0215409 0.45078
4.81 0.0475413 0.0425479 0.0235469 0.0428556 0.0254248 -0.0276859
4.82 0.0489685 0.0427834 0.020583 0.0431605 0.0244868 -0.225232
4.83 0.0420078 0.0429892 0.0233347 0.0433933 0.0215528 0.348621
4.84 0.0373664 0.0432226 0.0229358 0.0435548 0.0243665 0.0318527
4.85 0.0487402 0.0434519 0.0252493 0.0438412 0.0240241 0.296654
4.86 0.0416071 0.0437044 0.0275578 0.04406 0.0263028 0.298003
4.87 0.0432924 0.04398 0.030027 0.0443141 0.0285754 0.318772
4.88 0.0521834 0.0442803 0.026489 0.0446655 0.0310622 -0.27059
4.89 0.0423198 0.0445452 0.0274 0.0449532 0.0275892 0.176162
4.9 0.052954 0.0448192 0.022384 0.0452959 0.028654 -0.406835
4.91 0.0465214 0.045043 0.0215476 0.0455905 0.0238496 -0.0193721
4.92 0.0421223 0.0452585 0.0210476 0.045797 0.0229478 0.01528
4.93 0.0449198 0.045469 0.0161997 0.0460169 0.0224091 -0.411972
4.94 0.0396594 0.045631 0.0188009 0.046184 0.0175808 0.346471
4.95 0.0441132 0.045819 0.0165006 0.0463404 0.0203995 -0.175209
4.96 0.051127 0.045984 0.0203373 0.046584 0.017997 0.440874
4.97 0.0458593 0.0461873 0.0176106 0.0467562 0.0217565 -0.202105
4.98 0.0397803 0.0463634 0.0204382 0.0469115 0.0190238 0.337861
4.99 0.0443898 0.0465678 0.0235383 0.0470783 0.021733 0.380774
5 0.0464707 0.0468032 0.0221554 0.0472885 0.0248496 -0.0617368
5.01 0.0468135 0.0470248 0.0244302 0.0475307 0.0235082 0.303509
5.02 0.0534606 0.0472691 0.0277152 0.0478151 0.0258539 0.395276
5.03 0.0441711 0.0475462 0.0255853 0.0480398 0.0290556 -0.138527
5.04 0.0455074 0.0478021 0.0245828 0.048306 0.0268889 -0.0301231
5.05 0.0519817 0.0480479 0.0278518 0.0486043 0.0258483 0.393549
5.06 0.0597822 0.0483264 0.0268004 0.0489573 0.0290796 -0.0411205
5.07 0.0534202 0.0485944 0.0264766 0.0492842 0.0279035 0.0308535
5.08 0.0516409 0.0488592 0.025304 0.0495812 0.0274478 -0.0476333
5.09 0.054824 0.0491122 0.020324 0.0498987 0.0262196 -0.433564
5.1 0.0547427 0.0493155 0.0234458 0.0502005 0.0211397 0.364828
5.11 0.0445747 0.0495499 0.0217361 0.0503614 0.024053 -0.0968531
5.12 0.0522293 0.0497673 0.021357 0.050616 0.0223463 0.0387503
5.13 0.0463228 0.0499808 0.0171307 0.0508004 0.0219875 -0.360403
5.14 0.0478851 0.0501522 0.014043 0.0509931 0.017644 -0.248232
5.15 0.0488957 0.0502926 0.00921139 0.0511499 0.0144669 -0.429397
5.16 0.0606301 0.0503847 0.0128475 0.0513753 0.00955129 0.436251
5.17 0.0443785 0.0505132 0.0077671 0.0514095 0.0132783 -0.45023
5.18 0.0520413 0.0505908 0.0110887 0.0515466 0.00813098 0.389375
5.19 0.0555758 0.0507017 0.00713839 0.0516621 0.0114425 -0.33434
5.2 0.0602484 0.0507731 0.00897224 0.0518498 0.00749942 0.225933
5.21 0.0505681 0.0508628 0.0132441 0.051913 0.00916024 0.48254
5.22 0.0511726 0.0509953 0.0141055 0.0519974 0.0133718 0.146288
5.23 0.0527075 0.0511363 0.0108084 0.0521361 0.0141832 -0.258787
5.24 0.0471933 0.0512444 0.00593754 0.052234 0.0109133 -0.429432
5.25 0.0442751 0.0513038 0.00519965 0.0522733 0.00595768 -0.00724053
5.26 0.0522099 0.0513558 0.00521792 0.0523318 0.00530251 0.0660039
5.27 0.0428398 0.051408 -0.000380081 0.0523023 0.00535092 -0.488558
5.28 0.0559305 0.0514042 0.00194048 0.0523867 -9.79806e-05 0.290655
5.29 0.045951 0.0514236 0.000481609 0.0523301 0.00226189 -0.0961352
5.3 0.0520185 0.0514284 0.00384979 0.0523498 0.000753384 0.392216
5.31 0.0406513 0.0514669 0.000674899 0.052256 0.00410124 -0.271082
5.32 0.0533381 0.0514736 -0.00282695 0.0523061 0.000830691 -0.292626
5.33 0.0491725 0.0514454 -0.000394966 0.0522872 -0.00263855 0.287492
5.34 0.0556644 0.0514414 5.8368e-05 0.0522902 -0.000247539 0.0903906
5.35 0.0514674 0.051442 0.00131038 0.0522807 0.000132906 0.177251
5.36 0.0534906 0.0514551 0.00264272 0.0522925 0.00138575 0.18104
5.37 0.0498124 0.0514815 -0.00241005 0.0522847 0.00265015 -0.45073
5.38 0.0469065 0.0514574 -0.00573416 0.0522645 -0.00242648 -0.291896
5.39 0.0364723 0.0514001 -0.00977876 0.0521038 -0.00590211 -0.366593
5.4 0.0521335 0.0513023 -0.0142209 0.0520455 -0.0100297 -0.384294
5.41 0.0476103 0.0511601 -0.0188678 0.0519077 -0.0143088 -0.427067
5.42 0.0467071 0.0509714 -0.0190255 0.0517209 -0.0189742 0.0365539
5.43 0.0478197 0.0507812 -0.0177642 0.051499 -0.0189499 0.154456
5.44 0.0472386 0.0506035 -0.0208949 0.0512743 -0.0177458 -0.287471
5.45 0.0529557 0.0503946 -0.0183402 0.0511129 -0.020949 0.288322
5.46 0.0439823 0.0502112 -0.0163507 0.0508436 -0.018393 0.22506
5.47 0.0486968 0.0500477 -0.0201734 0.0506427 -0.0164741 -0.35122
5.48 0.0445651 0.0498459 -0.017195 0.0504268 -0.0203499 0.338092
5.49 0.0486744 0.049674 -0.016323 0.0502099 -0.0172755 0.114434
5.5 0.0487985 0.0495108 -0.0186935 0.0500264 -0.016465 -0.18556
5.51 0.0403977 0.0493238 -0.0182746 0.0497798 -0.0186912 0.0640245
5.52 0.0347159 0.0491411 -0.0175498 0.0494642 -0.0184169 0.0969746
5.53 0.0594406 0.0489656 -0.0131537 0.049368 -0.01772 0.460729
5.54 0.0457796 0.048834 -0.0104194 0.0491612 -0.0134418 0.305237
5.55 0.0454056 0.0487298 -0.00905141 0.0489955 -0.01076 0.167543
5.56 0.0446529 0.0486393 -0.009917 0.0488512 -0.00948263 -0.046512
5.57 0.0440091 0.0485402 -0.0115587 0.0487153 -0.010359 -0.128759
5.58 0.0515094 0.0484246 -0.0101417 0.0486368 -0.0120194 0.178985
5.59 0.0527052 0.0483232 -0.013206 0.0485529 -0.0105803 -0.255857
5.6 0.0494516 0.0481911 -0.0108227 0.0484558 -0.0135149 0.275106
5.61 0.0583644 0.0480829 -0.0107179 0.0484075 -0.0110761 0.0712005
5.62 0.0507412 0.0479757 -0.0114256 0.0483179 -0.0107283 -0.0269395
5.63 0.0496743 0.0478614 -0.00706705 0.0482233 -0.0113682 0.48248
5.64 0.0459692 0.0477908 -0.00904133 0.0480911 -0.00691989 -0.141308
5.65 0.0435575 0.0477004 -0.0138191 0.0479833 -0.00876119 -0.436549
5.66 0.0542268 0.0475622 -0.0127154 0.0479504 -0.0134955 0.159731
5.67 0.0412706 0.047435 -0.0176898 0.0477588 -0.0122669 -0.460267
5.68 0.044738 0.0472581 -0.0218249 0.0476111 -0.0172352 -0.387279
5.69 0.0422911 0.0470399 -0.0185009 0.0473942 -0.0214308 0.367835
5.7 0.0431467 0.0468548 -0.021963 0.047145 -0.018027 -0.32686
5.71 0.0549664 0.0466352 -0.0249481 0.047034 -0.0215572 -0.271573
5.72 0.0435816 0.0463857 -0.0207291 0.0467904 -0.0245397 0.440768
5.73 0.037238 0.0461785 -0.0188381 0.0464645 -0.0203889 0.209694
5.74 0.046241 0.0459901 -0.0153302 0.0462604 -0.0185528 0.382884
5.75 0.0420803 0.0458368 -0.0189986 0.0460403 -0.0150158 -0.346703
5.76 0.0490142 0.0456468 -0.0193175 0.0459172 -0.0187815 -0.00198483
5.77 0.0448183 0.0454536 -0.0183994 0.0457215 -0.0190761 0.107943
5.78 0.0503288 0.0452696 -0.0204921 0.0455722 -0.0182454 -0.197923
5.79 0.0375401 0.0450647 -0.0224622 0.0453219 -0.0205269 -0.163893
5.8 0.038357 0.0448401 -0.0254784 0.0450581 -0.0224388 -0.277622
5.81 0.0500496 0.0445853 -0.0244729 0.0448789 -0.0254219 0.116518
5.82 0.0489194 0.0443406 -0.0206769 0.0446618 -0.0244354 0.400131
5.83 0.0463347 0.0441338 -0.0176346 0.044434 -0.0206293 0.319352
5.84 0.0450205 0.0439574 -0.0171513 0.0442346 -0.0176709 0.0772461
5.85 0.0371101 0.0437859 -0.0153161 0.0439978 -0.0171897 0.205369
5.86 0.0391916 0.0436328 -0.0156858 0.0437858 -0.0154213 -0.0131048
5.87 0.0440634 0.0434759 -0.0206137 0.0436353 -0.0158344 -0.469266
5.88 0.0403195 0.0432698 -0.0250149 0.0434496 -0.0208167 -0.42339
5.89 0.0465225 0.0430196 -0.0285165 0.0432699 -0.0252648 -0.33412
5.9 0.0364024 0.0427345 -0.0308872 0.04296 -0.0288105 -0.225123
5.91 0.0472117 0.0424256 -0.0275964 0.0427111 -0.0311865 0.351715
5.92 0.0394366 0.0421496 -0.0254857 0.0423736 -0.0277955 0.23708
5.93 0.0395681 0.0418948 -0.0232014 0.0420738 -0.0255798 0.247937
5.94 0.0474653 0.0416628 -0.0203145 0.0418669 -0.0232445 0.334195
5.95 0.0414011 0.0414596 -0.0245069 0.0416324 -0.0200896 -0.404228
5.96 0.0471402 0.0412145 -0.021664 0.0414809 -0.0243262 0.311388
5.97 0.0345214 0.0409979 -0.0220458 0.0411795 -0.0214087 -0.00607413
5.98 0.0396084 0.0407774 -0.0258479 0.0409537 -0.0216722 -0.364495
5.99 0.0393593 0.040519 -0.0216678 0.0407251 -0.0255151 0.42411
6 0.0357866 0.0403023 -0.0233524 0.0404294 -0.0214434 -0.138239
6.01 0.0347963 0.0400688 -0.0253637 0.0401681 -0.0230357 -0.191355
6.02 0.0447048 0.0398151 -0.0289595 0.039979 -0.0251029 -0.347463
6.03 0.0455703 0.0395255 -0.0309628 0.0397785 -0.0287047 -0.197471
6.04 0.0271786 0.0392159 -0.0359238 0.0393849 -0.0308357 -0.481662
6.05 0.0422683 0.0388567 -0.0405846 0.0391042 -0.035726 -0.464579
6.06 0.0405494 0.0384508 -0.0410032 0.0387625 -0.0403989 -0.0441743
6.07 0.0388664 0.0380408 -0.0407779 0.0383629 -0.0408224 0.0163532
6.08 0.0406924 0.037633 -0.0393321 0.0379784 -0.0406242 0.143364
6.09 0.0374955 0.0372397 -0.0366559 0.0375715 -0.0391643 0.257903
6.1 0.0394581 0.0368731 -0.0331415 0.0371995 -0.036561 0.35246
6.11 0.0367097 0.0365417 -0.0295101 0.0368329 -0.0330432 0.365742
6.12 0.0325142 0.0362466 -0.0306416 0.0364679 -0.0294384 -0.12558
6.13 0.0388011 0.0359402 -0.0281383 0.0361963 -0.0307548 0.252592
6.14 0.036546 0.0356588 -0.0263478 0.0358944 -0.0282809 0.185095
6.15 0.0351481 0.0353953 -0.0218528 0.0356076 -0.0265078 0.451667
6.16 0.0314482 0.0351768 -0.0224154 0.0353088 -0.0220965 -0.0420397
6.17 0.0320008 0.0349527 -0.0257491 0.0350611 -0.0226604 -0.32801
6.18 0.0354359 0.0346952 -0.0209965 0.0348397 -0.0260623 0.482401
6.19 0.0377441 0.0344852 -0.02095 0.0346065 -0.0213144 0.0345699
6.2 0.042038 0.0342757 -0.0226158 0.0344595 -0.0210733 -0.162131
6.21 0.0333774 0.0340495 -0.0252607 0.0342412 -0.0228317 -0.242722
6.22 0.0297294 0.0337969 -0.0264699 0.0339758 -0.0253889 -0.113715
6.23 0.0303506 0.0335322 -0.0308048 0.0336928 -0.0266244 -0.42505
6.24 0.0461841 0.0332242 -0.0356705 0.0335369 -0.0308984 -0.494785
6.25 0.0440308 0.0328675 -0.0386124 0.0333214 -0.0358327 -0.27952
6.26 0.0310533 0.0324814 -0.0419203 0.0329466 -0.0386098 -0.329278
6.27 0.0277049 0.0320622 -0.0387531 0.0325184 -0.0418639 0.316604
6.28 0.0337433 0.0316746 -0.0365816 0.032114 -0.0385984 0.214406
6.29 0.0304463 0.0313088 -0.0384552 0.031717 -0.0363942 -0.193773
6.3 0.021688 0.0309243 -0.0359846 0.0312694 -0.0383209 0.240713
6.31 0.0316662 0.0305644 -0.0403191 0.0308929 -0.0358403 -0.423833
6.32 0.0283606 0.0301612 -0.0390735 0.0305157 -0.0400372 0.114872
6.33 0.0256798 0.0297705 -0.0350869 0.030077 -0.0388097 0.39325
6.34 0.0299368 0.0294196 -0.0362678 0.029691 -0.034789 -0.121304
6.35 0.0253888 0.0290569 -0.0347921 0.0293089 -0.0359656 0.13321
6.36 0.0193556 0.028709 -0.0305246 0.0288662 -0.0346025 0.428671
6.37 0.0248118 0.0284038 -0.0270606 0.0284881 -0.0302721 0.334522
6.38 0.0261244 0.0281332 -0.0305759 0.0281676 -0.0269167 -0.350437
6.39 0.0249469 0.0278274 -0.029677 0.0278729 -0.0304445 0.0720351
6.4 0.0201341 0.0275306 -0.0286438 0.0275041 -0.0297259 0.0924246
6.41 0.0317075 0.0272442 -0.0336924 0.0272458 -0.0287628 -0.497977
6.42 0.0259121 0.0269073 -0.0341814 0.0269491 -0.0337312 -0.0622228
6.43 0.0261229 0.0265655 -0.0293628 0.0266075 -0.0342874 0.466845
6.44 0.0263633 0.0262718 -0.0267273 0.0262655 -0.0295418 0.254615
6.45 0.0276867 0.0260046 -0.0304999 0.025985 -0.0269566 -0.377128
6.46 0.0288755 0.0256996 -0.0263732 0.0257427 -0.0307065 0.418512
6.47 0.0253016 0.0254358 -0.0292335 0.0254345 -0.0264722 -0.287425
6.48 0.0222346 0.0251435 -0.0313073 0.0251444 -0.0293469 -0.205139
6.49 0.0216995 0.0248304 -0.0272468 0.0248237 -0.0313679 0.400912
6.5 0.0221331 0.024558 -0.0247516 0.0244894 -0.0273022 0.247145
6.51 0.0253087 0.0243104 -0.0233814 0.0242258 -0.0247986 0.132731
6.52 0.03064 0.0240766 -0.0267597 0.0240355 -0.0234409 -0.34181
6.53 0.030392 0.023809 -0.0302163 0.0238581 -0.0268406 -0.36657
6.54 0.0310969 0.0235069 -0.0281523 0.0236547 -0.0304487 0.207681
6.55 0.0167756 0.0232253 -0.0316058 0.0232933 -0.0283282 -0.336595
6.56 0.0198748 0.0229093 -0.0329993 0.0229829 -0.0316554 -0.146089
6.57 0.0213406 0.0225793 -0.0290014 0.0226549 -0.0330345 0.378403
6.58 0.0127566 0.0222893 -0.0241351 0.0222417 -0.0291821 0.480008
6.59 0.0205859 0.0220479 -0.0283625 0.0219381 -0.0243176 -0.431683
6.6 0.0179539 0.0217643 -0.0313473 0.0216626 -0.0286245 -0.31537
6.61 0.0212097 0.0214508 -0.0289404 0.0213749 -0.0317092 0.220722
6.62 0.0179996 0.0211614 -0.0324956 0.0210313 -0.0294099 -0.355516
6.63 0.0219664 0.0208365 -0.0293875 0.0207479 -0.0328768 0.299501
6.64 0.0235498 0.0205426 -0.028211 0.0204462 -0.0297489 0.113972
6.65 0.027748 0.0202605 -0.0280348 0.0202144 -0.028488 0.0231801
6.66 0.0158205 0.0199801 -0.028701 0.019894 -0.0281887 -0.0672889
6.67 0.0241789 0.0196931 -0.0283611 0.0196516 -0.0287618 0.0426425
6.68 0.0114129 0.0194095 -0.0296153 0.0192952 -0.0282736 -0.142298
6.69 0.0182855 0.0191134 -0.0286514 0.0190062 -0.0296095 0.0822739
6.7 0.0264101 0.0188268 -0.0322614 0.0187767 -0.0286523 -0.385322
6.71 0.0273835 0.0185042 -0.027501 0.0185672 -0.0323739 0.450126
6.72 0.0191967 0.0182292 -0.0266423 0.0182517 -0.027731 0.0842969
6.73 0.0146705 0.0179628 -0.026088 0.0179458 -0.0268055 0.0524548
6.74 0.0132452 0.0177019 -0.0218431 0.0176394 -0.0262087 0.416971
6.75 0.00972249 0.0174835 -0.0234027 0.017311 -0.0219816 -0.161088
6.76 0.0120761 0.0172495 -0.0215945 0.0170478 -0.0235643 0.175326
6.77 0.0246029 0.0170335 -0.0182348 0.0168796 -0.0217171 0.335483
6.78 0.0187301 0.0168512 -0.0176073 0.0166803 -0.0183062 0.0514865
6.79 0.0238933 0.0166751 -0.012788 0.0165612 -0.0177478 0.470188
6.8 0.0157827 0.0165472 -0.0105458 0.0163786 -0.0130362 0.236395
6.81 0.0179835 0.0164418 -0.0125163 0.0162632 -0.0106993 -0.201369
6.82 0.0213151 0.0163166 -0.0115523 0.0162009 -0.0127495 0.102919
6.83 0.017345 0.0162011 -0.00762594 0.0160844 -0.0117502 0.394585
6.84 0.0096355 0.0161248 -0.00849488 0.0159121 -0.00787107 -0.0679385
6.85 0.0165263 0.0160399 -0.0105614 0.0158394 -0.0086283 -0.1894
6.86 0.0138423 0.0159342 -0.0148651 0.0157366 -0.0106015 -0.44201
6.87 0.0145945 0.0157856 -0.0119513 0.0156216 -0.0150768 0.285972
6.88 0.0138654 0.0156661 -0.0150214 0.0154569 -0.0122284 -0.310998
6.89 0.0186213 0.0155159 -0.0195669 0.0153631 -0.0153585 -0.462001
6.9 0.0165525 0.0153202 -0.0160827 0.0152211 -0.0199736 0.354289
6.91 0.0205569 0.0151594 -0.0173134 0.0150693 -0.0163627 -0.126368
6.92 0.0178997 0.0149862 -0.0145463 0.0149315 -0.0176024 0.258721
6.93 0.0117386 0.0148408 -0.00936336 0.0147294 -0.0149997 0.498773
6.94 0.00596216 0.0147471 -0.012653 0.0145049 -0.0100411 -0.326866
6.95 0.0230739 0.0146206 -0.0139153 0.0144795 -0.0133223 -0.127308
6.96 0.0146104 0.0144815 -0.0138633 0.0143485 -0.014606 0.0219532
6.97 0.0237865 0.0143428 -0.0127701 0.0142854 -0.0143485 0.105845
6.98 0.0139445 0.0142151 -0.0085941 0.0141402 -0.0132901 0.415335
6.99 0.00833074 0.0141292 -0.00486579 0.0139582 -0.00916626 0.379655
7 0.0178538 0.0140805 -0.00825535 0.013901 -0.00540288 -0.311881
7.01 0.0150075 0.013998 -0.0130301 0.013857 -0.00860239 -0.469988
7.02 0.0144943 0.0138677 -0.00963962 0.0137773 -0.0133521 0.329781
7.03 0.0145552 0.0137713 -0.00687546 0.0136516 -0.0100552 0.272416
7.04 0.0050679 0.0137025 -0.00599823 0.0134777 -0.00739838 0.0824671
7.05 0.00358961 0.0136425 -0.00364997 0.0133188 -0.00667078 0.246753
7.06 0.0139213 0.013606 -0.00755359 0.0132579 -0.00426726 -0.388673
7.07 0.0211183 0.0135305 -0.00996369 0.0132836 -0.00821467 -0.242206
7.08 0.0125628 0.0134309 -0.00908981 0.0131959 -0.0106898 0.082236
7.09 0.0136445 0.01334 -0.00745276 0.0130938 -0.00989044 0.162814
7.1 0.0199847 0.0132654 -0.01032 0.0130554 -0.00826849 -0.272019
7.11 0.00896813 0.0131622 -0.012007 0.0129381 -0.0110514 -0.181368
7.12 0.00290351 0.0130422 -0.00753807 0.0127417 -0.0129206 0.461445
7.13 0.0065169 0.0129668 -0.00446571 0.0125597 -0.00832689 0.3309
7.14 0.0166091 0.0129221 -0.00723608 0.0125122 -0.00504494 -0.286783
7.15 0.0149244 0.0128498 -0.0084227 0.0124831 -0.00797834 -0.106493
7.16 0.00866391 0.0127655 -0.0122395 0.0123709 -0.00910215 -0.3585
7.17 0.0136724 0.0126432 -0.0145946 0.012292 -0.0127147 -0.228793
7.18 0.017057 0.0124972 -0.0177304 0.0122071 -0.0149803 -0.320521
7.19 0.0164292 0.0123199 -0.0193016 0.0120952 -0.0181416 -0.169498
7.2 0.00272981 0.0121269 -0.0211084 0.0118343 -0.0198101 -0.190794
7.21 0.0156931 0.0119158 -0.0257339 0.0116713 -0.0216233 -0.466233
7.22 0.0192872 0.0116585 -0.0236383 0.0115228 -0.0261571 0.204135
7.23 0.0141644 0.0114221 -0.0277207 0.0112864 -0.0239587 -0.432073
7.24 0.0169201 0.0111449 -0.0322668 0.0110976 -0.028131 -0.467459
7.25 0.0130293 0.0108222 -0.0283275 0.0108354 -0.0326271 0.377268
7.26 0.0103207 0.0105389 -0.0286712 0.0105075 -0.0286372 -0.059381
7.27 0.0163654 0.0102522 -0.0280941 0.0102743 -0.029027 0.0544938
7.28 0.00441204 0.00997128 -0.0280582 0.00993585 -0.0283151 -0.0168869
7.29 0.00763147 0.00969069 -0.0292723 0.00963521 -0.0283076 -0.144046
7.3 0.00871439 0.00939797 -0.029756 0.00934662 -0.0295637 -0.0658511
7.31 0.00602466 0.00910041 -0.0278551 0.0090248 -0.0300313 0.171232
7.32 0.00611336 0.00882186 -0.0288601 0.00870189 -0.0281185 -0.114034
7.33 0.0057863 0.00853326 -0.0310579 0.00839791 -0.0290745 -0.23607
7.34 0.0267273 0.00822268 -0.0314752 0.00826828 -0.0311595 -0.0563525
7.35 0.0108894 0.00790793 -0.0267501 0.00798206 -0.0314833 0.468433
7.36 0.00769921 0.00764043 -0.0316159 0.00766751 -0.0265638 -0.489317
7.37 0.00678286 0.00732427 -0.0308499 0.00739651 -0.0312703 0.0549746
7.38 0.00218281 0.00701577 -0.0334288 0.0070414 -0.0305 -0.273773
7.39 0.00189136 0.00668148 -0.0321417 0.00669448 -0.033021 0.0929193
7.4 -0.00298611 0.00636007 -0.0348377 0.00628336 -0.0318631 -0.282212
7.41 0.0168085 0.00601169 -0.0350725 0.00605856 -0.0343894 -0.0457917
7.42 0.00974068 0.00566097 -0.0306167 0.0057495 -0.0345491 0.411551
7.43 0.00238914 0.0053548 -0.033795 0.00537792 -0.0301567 -0.320767
7.44 -0.000746454 0.00501685 -0.0356357 0.00502597 -0.0331381 -0.214891
7.45 0.00399954 0.00466049 -0.0390111 0.00468858 -0.0350085 -0.375232
7.46 0.00032734 0.00427038 -0.0377977 0.00430378 -0.0384725 0.0727399
7.47 0.00581704 0.0038924 -0.0381323 0.00393548 -0.0373964 -0.0733916
7.48 0.00997879 0.00351108 -0.0389002 0.00361705 -0.0377719 -0.104025
7.49 0.00881119 0.00312208 -0.0359532 0.00328754 -0.03845 0.252218
7.5 0.0137024 0.00276255 -0.0329289 0.00299648 -0.0355363 0.257111
7.51 0.0131883 0.00243326 -0.0305227 0.00273238 -0.0326008 0.205181
7.52 0.00260998 0.00212803 -0.0272694 0.00240814 -0.0302495 0.285986
7.53 -0.00142042 0.00185534 -0.0273379 0.00207513 -0.0271243 -0.0387549
7.54 -0.00169188 0.00158196 -0.024427 0.00177364 -0.0272743 0.273108
7.55 -0.00262886 0.00133769 -0.0209538 0.00146516 -0.0243035 0.318527
7.56 -0.00263479 0.00112815 -0.0223398 0.00118876 -0.0209041 -0.161487
7.57 -0.00140993 0.000904751 -0.0251406 0.000959037 -0.0223306 -0.286273
7.58 0.000947134 0.000653346 -0.0261317 0.00073756 -0.0249789 -0.12698
7.59 0.00254161 0.000392029 -0.0226269 0.000505543 -0.0259987 0.321627
7.6 -0.00206058 0.000165759 -0.0217239 0.000225602 -0.022536 0.069681
7.61 0.00937452 -5.14803e-05 -0.0182748 8.13561e-05 -0.0215814 0.307169
7.62 -7.51303e-05 -0.000234229 -0.0180934 -0.000133945 -0.0182945 -0.00714156
7.63 -0.0039558 -0.000415163 -0.0135355 -0.000348377 -0.0181951 0.455647
7.64 -0.00385309 -0.000550517 -0.0175977 -0.000559079 -0.0134655 -0.4289
7.65 -0.000695106 -0.000726495 -0.0130032 -0.000693745 -0.0176142 0.436506
7.66 0.006307 -0.000856527 -0.00871105 -0.000807787 -0.0130396 0.42408
7.67 -0.002209 -0.000943638 -0.0126285 -0.000949179 -0.00866497 -0.418217
7.68 -0.00918784 -0.00106992 -0.0125546 -0.00110637 -0.0127811 -0.00851947
7.69 -0.000693592 -0.00119547 -0.0157894 -0.0012295 -0.0127255 -0.349693
7.7 -0.00949228 -0.00135336 -0.0136692 -0.00142715 -0.0161129 0.174702
7.71 -0.00403558 -0.00149005 -0.0113932 -0.00160946 -0.0141995 0.209269
7.72 -0.00951246 -0.00160399 -0.0102938 -0.00181861 -0.0119775 0.104515
7.73 -0.0016086 -0.00170692 -0.0092536 -0.00193553 -0.0107931 0.0862532
7.74 0.00129553 -0.00179946 -0.0052191 -0.00201457 -0.00979096 0.388502
7.75 0.00708789 -0.00185165 -0.00139083 -0.00203287 -0.00575387 0.389624
7.76 -0.00306507 -0.00186556 0.000582329 -0.00209884 -0.00178336 0.211021
7.77 -0.000267486 -0.00185974 0.000342723 -0.00210067 0.000372504 -0.0387579
7.78 0.000677769 -0.00185631 -0.00159253 -0.00207294 1.24654e-05 -0.183767
7.79 -0.0113503 -0.00187223 -0.00559478 -0.00215309 -0.00183891 -0.393004
7.8 -0.00718653 -0.00192818 -0.0083527 -0.00221487 -0.00574757 -0.286539
7.81 -4.06874e-05 -0.00201171 -0.0124233 -0.00225304 -0.00852509 -0.426657
7.82 -0.00423064 -0.00213594 -0.0092016 -0.00235466 -0.0126909 0.312177
7.83 0.00239079 -0.00222796 -0.00419797 -0.00243941 -0.00940063 0.499446
7.84 -0.00573718 -0.00226994 -0.00376219 -0.00256114 -0.00429961 0.0345884
7.85 0.00298648 -0.00230756 -0.00275294 -0.00255576 -0.00386444 0.0852857
7.86 0.00193465 -0.00233509 0.000455207 -0.00255522 -0.00293064 0.317973
7.87 -0.00402896 -0.00233054 0.00420412 -0.00259702 0.000298608 0.373102
7.88 0.00373197 -0.0022885 0.00729294 -0.0025393 0.004076 0.299013
7.89 0.00175573 -0.00221557 0.00406078 -0.00246173 0.00706649 -0.309007
7.9 -0.000156992 -0.00217496 0.00587691 -0.00237173 0.00393864 0.194728
7.91 -0.0100539 -0.00211619 0.00455917 -0.00239916 0.0058417 -0.131306
7.92 -0.00660702 -0.0020706 0.00948572 -0.00237766 0.00447844 0.498163
7.93 -0.00292033 -0.00197574 0.00611027 -0.00233796 0.00943689 -0.312413
7.94 -0.00105046 -0.00191464 0.00429902 -0.00223326 0.00624618 -0.175659
7.95 0.00191917 -0.00187165 -0.000226676 -0.00213541 0.00446458 -0.430737
7.96 0.00391711 -0.00187391 -0.00411749 -0.00203878 0.000156132 -0.375907
7.97 -0.0030014 -0.00191509 -0.00661651 -0.00204556 -0.00358768 -0.251579
7.98 -0.000139158 -0.00198125 -0.00978777 -0.00206463 -0.00603995 -0.348954
7.99 -0.0130644 -0.00207913 -0.00858827 -0.00221969 -0.0094889 0.115573
8 9.30801e-05 -0.00216501 -0.00956656 -0.00229374 -0.00820718 -0.101271
8.01 0.00426929 -0.00226068 -0.00627057 -0.00231832 -0.00909031 0.325748
8.02 -0.00598005 -0.00232339 -0.00783406 -0.00244012 -0.00573195 -0.175158
8.03 0.000929354 -0.00240173 -0.0126181 -0.00246779 -0.00738914 -0.496756
8.04 -0.00123241 -0.00252791 -0.0134414 -0.00253035 -0.0122533 -0.0879988
8.05 -0.0101368 -0.00266232 -0.0161342 -0.00271764 -0.0130131 -0.286656
8.06 -0.00167984 -0.00282366 -0.0120003 -0.00283766 -0.015718 0.392868
8.07 0.00044281 -0.00294367 -0.0155368 -0.0029651 -0.0115911 -0.376978
8.08 -0.0049124 -0.00309904 -0.0135928 -0.00309686 -0.0152221 0.174586
8.09 -0.00945202 -0.00323496 -0.0163019 -0.00330275 -0.013316 -0.290899
8.1 -0.00141709 -0.00339798 -0.0187642 -0.00341844 -0.0160513 -0.269982
8.11 -0.00405505 -0.00358562 -0.0147074 -0.00358307 -0.0185582 0.388047
8.12 -0.0123565 -0.0037327 -0.016722 -0.00384297 -0.0144881 -0.217556
8.13 -0.0140263 -0.00389992 -0.0211373 -0.00407471 -0.0165174 -0.457804
8.14 9.8262e-05 -0.00411129 -0.0169501 -0.00420234 -0.0208735 0.387493
8.15 -0.00593003 -0.00428079 -0.0134893 -0.00442422 -0.0167534 0.317032
8.16 -0.000358009 -0.00441568 -0.0119457 -0.00455512 -0.0133557 0.127481
8.17 -0.00338251 -0.00453514 -0.00978819 -0.00467738 -0.0118969 0.205466
8.18 -0.00710575 -0.00463302 -0.00775476 -0.00481633 -0.00968506 0.190134
8.19 -0.00759266 -0.00471057 -0.0081888 -0.00493637 -0.00764861 -0.0735058
8.2 0.00172616 -0.00479246 -0.00413603 -0.00495454 -0.0082329 0.39646
8.21 -0.00614264 -0.00483382 -0.0051098 -0.00504644 -0.00414052 -0.115137
8.22 0.00217651 -0.00488492 -0.00200874 -0.00502498 -0.00517317 0.295188
8.23 0.00297113 -0.004905 0.00200588 -0.00500708 -0.00208955 0.394623
8.24 -0.0131197 -0.00488495 0.00277185 -0.00509799 0.00189773 0.0724493
8.25 -0.00228923 -0.00485723 -0.000898351 -0.00505488 0.00266454 -0.380471
8.26 -0.00176583 -0.00486621 0.00377553 -0.005 -0.00110421 0.463885
8.27 -0.00629238 -0.00482846 0.00585223 -0.00502213 0.00359095 0.196542
8.28 -0.00936722 -0.00476993 0.0046018 -0.00502413 0.00555448 -0.13205
8.29 -0.0100467 -0.00472392 0.000670505 -0.00501252 0.00420991 -0.385069
8.3 0.0020157 -0.00471721 -0.00106278 -0.00490998 0.000393073 -0.187885
8.31 -0.000922172 -0.00472784 0.00160794 -0.00487157 -0.00142588 0.266679
8.32 -0.0130534 -0.00471176 0.00600461 -0.0049565 0.00127369 0.440679
8.33 -0.0121808 -0.00465171 0.00741226 -0.00500639 0.00569055 0.136957
8.34 0.00219688 -0.00457759 0.0101134 -0.00488765 0.0070797 0.269923
8.35 -0.00438 -0.00447646 0.00844631 -0.00481307 0.00975863 -0.14732
8.36 -0.0081207 -0.00439199 0.0118989 -0.00474495 0.00822338 0.350302
8.37 -0.00310034 -0.004273 0.0134473 -0.00464919 0.0116974 0.162791
8.38 -0.00552774 -0.00413853 0.0130475 -0.00454084 0.0132511 -0.0242977
8.39 -0.0072764 -0.00400806 0.0132821 -0.00443314 0.0129105 0.0248879
8.4 -0.00110288 -0.00387524 0.0168926 -0.00427634 0.0130864 0.371892
8.41 -0.00235659 -0.00370631 0.0189318 -0.00412999 0.0167238 0.205721
8.42 -0.00824867 -0.00351699 0.0179153 -0.00399984 0.0186392 -0.0870652
8.43 -0.010927 -0.00333784 0.0142176 -0.003875 0.0175959 -0.345664
8.44 0.00465208 -0.00319566 0.0165309 -0.00362678 0.0140329 0.247916
8.45 -0.00115145 -0.00303035 0.0143367 -0.00346625 0.0164167 -0.199572
8.46 -0.00370893 -0.00288699 0.0189924 -0.0033056 0.0142899 0.471368
8.47 -0.0042787 -0.00269706 0.0176065 -0.00317236 0.0188896 -0.124602
8.48 -0.00763831 -0.002521 0.012666 -0.00302374 0.0174692 -0.494106
8.49 -0.00951105 -0.00239434 0.0143031 -0.00290669 0.0123591 0.161502
8.5 0.00305873 -0.00225131 0.017304 -0.00273255 0.0139012 0.301892
8.51 -0.00468124 -0.00207827 0.0212629 -0.00261161 0.0168007 0.402354
8.52 2.17091e-06 -0.00186564 0.0165021 -0.00242244 0.0206914 -0.453635
8.53 0.00570715 -0.00170062 0.0173158 -0.00214697 0.0160017 0.09708
8.54 -0.00796934 -0.00152746 0.0200823 -0.00203872 0.0168118 0.296977
8.55 0.00414008 -0.00132664 0.0212659 -0.00181859 0.019656 0.118814
8.56 0.00033021 -0.00111398 0.0232553 -0.00160514 0.020673 0.216609
8.57 -0.00167758 -0.000881425 0.0255494 -0.00140082 0.0226474 0.260862
8.58 -0.00269256 -0.000625931 0.0236716 -0.00118748 0.025038 -0.184644
8.59 -0.00512613 -0.000389214 0.0193704 -0.000973352 0.0229375 -0.415441
8.6 0.00571181 -0.00019551 0.0230492 -0.000688116 0.0185873 0.375793
8.61 0.00333055 3.49816e-05 0.0241226 -0.000469078 0.0221805 0.127471
8.62 -0.00186372 0.000276207 0.0275355 -0.00026126 0.0232321 0.351238
8.63 -0.00648959 0.000551563 0.0303237 -8.48425e-05 0.0264909 0.316472
8.64 -0.000873844 0.0008548 0.027647 0.000170947 0.0293876 -0.235571
8.65 0.00903569 0.00113127 0.0286925 0.000538985 0.026768 0.121161
8.66 0.00858824 0.00141819 0.0251643 0.000873998 0.0277353 -0.330848
8.67 0.000525737 0.00166984 0.0212677 0.00114594 0.0241384 -0.38527
8.68 0.00358907 0.00188251 0.0189998 0.00140637 0.020041 -0.216047
8.69 -0.00162154 0.00207251 0.0201425 0.00157885 0.0176542 0.144854
8.7 0.00261421 0.00227394 0.0213532 0.00176282 0.0189136 0.139618
8.71 0.00813184 0.00248747 0.01764 0.00200543 0.0201258 -0.344156
8.72 0.000487617 0.00266387 0.0158762 0.00219182 0.0164566 -0.149425
8.73 0.00586866 0.00282263 0.0112691 0.00238677 0.0147888 -0.447447
8.74 0.00586297 0.00293532 0.00905097 0.00256346 0.0101549 -0.18982
8.75 0.00676565 0.00302583 0.00509138 0.00270049 0.0081447 -0.401509
8.76 -0.00657875 0.00307675 0.00358928 0.00270094 0.00398655 -0.147019
8.77 0.000201813 0.00311264 0.00130134 0.00271884 0.0024401 -0.218452
8.78 0.00608104 0.00312565 0.000933112 0.00277212 0.000216333 -0.0261114
8.79 0.0046514 0.00313498 -0.000415681 0.00279053 -6.77251e-05 -0.141124
8.8 -0.00452474 0.00313083 0.00400022 0.00272656 -0.00153324 0.44305
8.81 0.00259048 0.00317083 0.00171029 0.00271018 0.00288488 -0.22422
8.82 -0.0010991 0.00318793 -0.000733776 0.00270582 0.000572545 -0.23877
8.83 0.0105618 0.00318059 0.00416018 0.00277947 -0.00181891 0.489415
8.84 -0.00792746 0.0032222 0.0078058 0.00266879 0.00302611 0.37286
8.85 0.0198144 0.00330025 0.00342293 0.00284715 0.00676105 -0.441793
8.86 0.0056828 0.00333448 0.00447662 0.00293871 0.00225727 0.108229
8.87 -0.0044158 0.00337925 0.00521525 0.00289745 0.00326032 0.0894696
8.88 0.00446683 0.0034314 0.00821665 0.00294335 0.00409912 0.319069
8.89 -0.00359044 0.00351357 0.0122976 0.00292745 0.00719508 0.423585
8.9 -0.000151876 0.00363655 0.0139365 0.00297214 0.0113181 0.174029
8.91 0.000881735 0.00377591 0.0158389 0.00306625 0.0129073 0.194862
8.92 -0.00326145 0.0039343 0.0160633 0.00313945 0.0146723 0.0510566
8.93 0.0183156 0.00409493 0.0160851 0.00341622 0.0150603 0.0252674
8.94 -0.00111292 0.00425578 0.0158802 0.00352633 0.0151109 0.0113337
8.95 0.0138373 0.00441459 0.0187182 0.00376535 0.0150755 0.315485
8.96 -0.00134289 0.00460177 0.0149638 0.0038706 0.0180225 -0.353571
8.97 -0.00199621 0.00475141 0.0166735 0.0039985 0.0142455 0.180486
8.98 0.00602887 0.00491814 0.020802 0.00415729 0.0158749 0.430216
8.99 -0.00273125 0.00512616 0.0199177 0.00425506 0.0199506 -0.0696186
9 0.0124927 0.00532534 0.017774 0.00452412 0.0190421 -0.17466
9.01 -0.00154891 0.00550308 0.0183091 0.00466035 0.0170367 0.0698338
9.02 0.00619356 0.00568617 0.0189782 0.00484251 0.0175231 0.0862257
9.03 0.0100128 0.00587595 0.020489 0.00506096 0.0181802 0.175914
9.04 0.0039855 0.00608084 0.0214932 0.00523188 0.0197023 0.122387
9.05 0.000238521 0.00629577 0.0251655 0.00538399 0.0206576 0.396406
9.06 0.00628868 0.00654743 0.0275174 0.00559661 0.0243638 0.274405
9.07 0.0100582 0.0068226 0.0319126 0.00587674 0.0268239 0.475368
9.08 0.0070802 0.00714173 0.0283025 0.00615308 0.031254 -0.322046
9.09 0.0132817 0.00742475 0.0254169 0.00652459 0.0276847 -0.251706
9.1 0.0017034 0.00767892 0.0234692 0.00675733 0.0248067 -0.165757
9.11 0.00938295 0.00791361 0.0193241 0.00702597 0.0228422 -0.378995
9.12 0.00451654 0.00810685 0.0194158 0.0072307 0.0187435 0.0240744
9.13 0.00470679 0.00830101 0.0200621 0.00739467 0.0187145 0.0954732
9.14 0.0114007 0.00850163 0.0158232 0.00761486 0.0194222 -0.38958
9.15 0.0118715 0.00865986 0.0145002 0.00784423 0.0152711 -0.103065
9.16 0.00854682 0.00880487 0.0156797 0.0080017 0.0140113 0.15368
9.17 0.00726047 0.00896166 0.0175569 0.00813419 0.0153247 0.218649
9.18 0.00637989 0.00913723 0.0221478 0.00827093 0.0172696 0.486404
9.19 0.00925839 0.00935871 0.0215788 0.00845068 0.0218812 -0.0272512
9.2 0.0139638 0.0095745 0.0226368 0.0087153 0.021325 0.142234
9.21 0.00873666 0.00980087 0.0239749 0.00892689 0.0224462 0.160433
9.22 0.00624821 0.0100406 0.0202826 0.00912623 0.0237261 -0.332389
9.23 0.0131809 0.0102434 0.0168435 0.00939652 0.0200878 -0.306709
9.24 0.00823872 0.0104119 0.0134398 0.00958565 0.0167208 -0.314299
9.25 0.00828276 0.0105463 0.0150026 0.00974013 0.0133093 0.178944
9.26 0.00984377 0.0106963 0.0101334 0.00987297 0.0148681 -0.491224
9.27 0.00762078 0.0107976 0.00812976 0.0100009 0.00969962 -0.16787
9.28 0.0155102 0.0108789 0.0065201 0.0101447 0.00784392 -0.14057
9.29 0.00983432 0.0109441 0.010643 0.0102198 0.0062569 0.438992
9.3 0.00860923 0.0110506 0.0130087 0.0102679 0.0104759 0.262511
9.31 0.00899651 0.0111806 0.0147055 0.0103607 0.0128884 0.18477
9.32 0.013844 0.0113277 0.014644 0.0105186 0.0145161 0.00882542
9.33 0.0124315 0.0114741 0.0127522 0.0106791 0.0143605 -0.151263
9.34 0.011988 0.0116017 0.0112464 0.0108328 0.0126018 -0.139316
9.35 0.010896 0.0117141 0.00724901 0.0109583 0.010974 -0.368788
9.36 0.00960374 0.0117866 0.00466992 0.0110553 0.00706143 -0.254857
9.37 0.00697788 0.0118333 0.000936218 0.01109 0.00431635 -0.364911
9.38 0.0149285 0.0118427 -0.00317019 0.011166 0.000527212 -0.39342
9.39 0.00568378 0.011811 -0.00388906 0.0111238 -0.00354421 -0.0769032
9.4 0.0169896 0.0117721 -0.00524151 0.0111395 -0.00436722 -0.116617
9.41 0.0120254 0.0117197 -0.00597511 0.0111038 -0.00559767 -0.0591766
9.42 0.00748504 0.0116599 -0.00541973 0.011017 -0.00625767 0.0441015
9.43 0.0193704 0.0116057 -0.00151829 0.0110273 -0.00583313 0.407458
9.44 0.00725689 0.0115905 -0.00625754 0.0109368 -0.00182422 -0.463703
9.45 0.0133846 0.011528 -0.00483824 0.0109399 -0.00654327 0.154521
9.46 0.0170223 0.0114796 -0.0067928 0.0109277 -0.00501929 -0.195608
9.47 0.00928178 0.0114117 -0.00483601 0.0108637 -0.00704035 0.189977
9.48 0.00402966 0.0113633 -0.00619518 0.0107347 -0.00520382 -0.12683
9.49 0.0190672 0.0113013 -0.00843734 0.0107553 -0.00649643 -0.209203
9.5 0.0134477 0.011217 -0.0119325 0.0107142 -0.00862085 -0.337275
9.51 0.0102055 0.0110976 -0.0167597 0.0106243 -0.0120161 -0.484595
9.52 0.0117211 0.0109301 -0.012027 0.0105147 -0.0168436 0.45123
9.53 0.0106966 0.0108098 -0.0137495 0.0103493 -0.0122667 -0.169664
9.54 0.0156259 0.0106723 -0.0165685 0.0102733 -0.0139242 -0.291305
9.55 0.0159521 0.0105066 -0.019986 0.0101844 -0.0167793 -0.363069
9.56 0.00891158 0.0103067 -0.0247029 0.0100071 -0.0203481 -0.490719
9.57 0.00988336 0.0100597 -0.0272982 0.00980426 -0.0251516 -0.282528
9.58 0.00282496 0.00978673 -0.0274878 0.00949453 -0.0278483 -0.0309394
9.59 0.00876832 0.00951185 -0.02836 0.00921217 -0.0279758 -0.131289
9.6 0.000331651 0.00922825 -0.0315683 0.008858 -0.0291328 -0.343537
9.61 0.00909452 0.00891257 -0.0340954 0.00857123 -0.0323635 -0.268428
9.62 0.000587802 0.00857162 -0.0382952 0.00818132 -0.0348382 -0.44652
9.63 0.00500288 0.00818866 -0.0365089 0.00780845 -0.0390473 0.165289
9.64 0.00802718 0.00782358 -0.0354363 0.00742325 -0.0370798 0.0803083
9.65 -1.60327e-05 0.00746921 -0.0359325 0.00699129 -0.0360062 -0.0858355
9.66 0.0103906 0.00710989 -0.0326781 0.00666375 -0.0365606 0.296501
9.67 0.00668564 0.00678311 -0.0289962 0.0063015 -0.0332952 0.325451
9.68 0.0149308 0.00649314 -0.0283334 0.0060461 -0.0297376 0.049254
9.69 0.000678894 0.00620981 -0.0240916 0.00570485 -0.0290269 0.403081
9.7 0.00812929 0.00596889 -0.0263403 0.00543808 -0.0247528 -0.251452
9.71 0.00722196 0.00570549 -0.0217363 0.00520813 -0.0270667 0.432637
9.72 -0.00821283 0.00548813 -0.0231418 0.00482367 -0.0225703 -0.156096
9.73 0.010681 0.00525671 -0.0198766 0.0046506 -0.0239313 0.292649
9.74 0.000273843 0.00505794 -0.0164318 0.00437549 -0.0208273 0.340095
9.75 -0.00127102 0.00489363 -0.0175116 0.00412016 -0.017282 -0.119799
9.76 0.0123911 0.00471851 -0.0177995 0.0040204 -0.0183171 -0.0528295
9.77 -0.00567719 0.00454052 -0.0211442 0.0037549 -0.0187376 -0.355513
9.78 0.00344085 0.00432907 -0.0253406 0.00356643 -0.0221434 -0.429823
9.79 0.00386505 0.00407567 -0.0219465 0.0033495 -0.0262539 0.320341
9.8 0.00748202 0.0038562 -0.022468 0.00312499 -0.0228052 -0.0647157
9.81 0.00851199 0.00363152 -0.0249635 0.00294552 -0.0232348 -0.267097
9.82 0.0115925 0.00338189 -0.0214074 0.00279001 -0.0256701 0.335745
9.83 0.00484868 0.00316781 -0.0225843 0.00255334 -0.0220752 -0.113485
9.84 0.0125314 0.00294197 -0.0215997 0.00242084 -0.0229772 0.063239
9.85 0.008077 0.00272597 -0.0260864 0.002242 -0.0221175 -0.455559
9.86 -0.00261299 0.00246511 -0.0255539 0.00198073 -0.0264914 0.0234456
9.87 0.00354516 0.00220957 -0.0244069 0.00173164 -0.0260051 0.0725196
9.88 0.00376707 0.0019655 -0.0266419 0.00149145 -0.0250287 -0.238088
9.89 0.0090212 0.00169908 -0.0216469 0.00130849 -0.0271454 0.492506
9.9 0.00137561 0.00148261 -0.0172473 0.00103996 -0.0219607 0.44123
9.91 0.00135954 0.00131014 -0.0178127 0.000825019 -0.0173372 -0.0816246
9.92 -0.00500289 0.00113201 -0.0202109 0.000602719 -0.0180093 -0.275922
9.93 0.00268847 0.000929905 -0.0150835 0.000442232 -0.020586 0.494711
9.94 0.00390958 0.00077907 -0.019176 0.000268155 -0.0154239 -0.416336
9.95 0.0047908 0.00058731 -0.0159368 0.000154385 -0.0194184 0.304386
9.96 0.000885107 0.000427942 -0.0167782 -3.17965e-05 -0.0161785 -0.0911248
9.97 0.00369716 0.00026016 -0.0128089 -0.000159916 -0.0169133 0.380165
9.98 3.46234e-05 0.00013207 -0.0113147 -0.000325901 -0.0129395 0.129837
9.99 0.00421405 1.89237e-05 -0.00657988 -0.000414893 -0.0114912 0.458129
